[ 2107.793918] [Project1] 3228 1588157241.976294411 1588157242.839555315
[ 2109.393325] [Project1] 3229 1588157243.613182408 1588157244.438877203
[ 2111.171180] [Project1] 3230 1588157245.355905177 1588157246.216682520
[ 2112.831029] [Project1] 3231 1588157247.111662936 1588157247.876453101
[ 2114.548994] [Project1] 3232 1588157248.730527920 1588157249.594335800
[ 2116.310623] [Project1] 3233 1588157250.487112902 1588157251.355882341
[ 2117.995438] [Project1] 3234 1588157252.228612802 1588157253.040607364
[ 2119.787511] [Project1] 3235 1588157253.987415127 1588157254.832603957
[ 2121.569527] [Project1] 3236 1588157255.743265118 1588157256.614535584
[ 2123.268680] [Project1] 3237 1588157257.512167356 1588157258.313607447
